    unsorted:	 578.7901472 554.9242889 615.8740822 642.7901991 455.5739341 235.3744596 268.9897019 191.1464413 160.5643598 138.3040142 120.6905776 0.09223012999 1133.591002 916.4538812 1079.605057 1147.709730 1229.434322 1344.476927 1354.908651 1834.022771 2024.045708 2114.879002 2299.227254 2835.457217 2671.968115 3239.335472 3378.256099 3630.411205 3688.546372 3786.584740 4031.287385 4298.197227 4572.620688 5098.463253 5864.732077 6110.230475 6939.627021 7280.838454 7689.704026 8602.362514 9342.374898 10155.53799 10775.85781 11869.27997 15216.27016 20973.71277 27404.77474 33396.02139 100797.4662 -146200.6248 153442.7272 4057954.687 -8.044899673e+10 2.093736212e+12
      sorted:	 -8.044899673e+10 -146200.6248 0.09223012999 120.6905776 138.3040142 160.5643598 191.1464413 235.3744596 268.9897019 455.5739341 554.9242889 578.7901472 615.8740822 642.7901991 916.4538812 1079.605057 1133.591002 1147.709730 1229.434322 1344.476927 1354.908651 1834.022771 2024.045708 2114.879002 2299.227254 2671.968115 2835.457217 3239.335472 3378.256099 3630.411205 3688.546372 3786.584740 4031.287385 4298.197227 4572.620688 5098.463253 5864.732077 6110.230475 6939.627021 7280.838454 7689.704026 8602.362514 9342.374898 10155.53799 10775.85781 11869.27997 15216.27016 20973.71277 27404.77474 33396.02139 100797.4662 153442.7272 4057954.687 2.093736212e+12
