    unsorted:	 8022.351046 8173.010861 7821.548131 7425.987250 7228.604788 9211.358952 9409.119950 9730.010685 10463.12692 10548.47404 11378.63076 6709.418159 11793.35616 12097.41005 12223.17400 12350.32388 6126.660691 5709.659343 5509.439170 5157.528678 4941.063499 13264.63546 13957.17065 13988.86748 4405.529645 14846.64334 15465.21484 15860.66834 3246.223265 2839.254655 16590.51670 1638.832223 393.8047841 155.2664142 66.12632602 31.48899877 18780.11146 19338.28428 20354.10638 -1488.307588 21201.15150 22762.68572 23019.89359 27430.87385 27820.82647 38594.36793 152548.1262 -1032364.023 5479266.854 -6792159752. 5.838194859e+12
      sorted:	 -6792159752. -1032364.023 -1488.307588 31.48899877 66.12632602 155.2664142 393.8047841 1638.832223 2839.254655 3246.223265 4405.529645 4941.063499 5157.528678 5509.439170 5709.659343 6126.660691 6709.418159 7228.604788 7425.987250 7821.548131 8022.351046 8173.010861 9211.358952 9409.119950 9730.010685 10463.12692 10548.47404 11378.63076 11793.35616 12097.41005 12223.17400 12350.32388 13264.63546 13957.17065 13988.86748 14846.64334 15465.21484 15860.66834 16590.51670 18780.11146 19338.28428 20354.10638 21201.15150 22762.68572 23019.89359 27430.87385 27820.82647 38594.36793 152548.1262 5479266.854 5.838194859e+12
