    unsorted:	 0.07547206413 962.8411742 3011.487541 3487.860176 4895.291352 21170.39104 37734.34289 88170.85440 102239.1232 3080744881.
      sorted:	 0.07547206413 962.8411742 3011.487541 3487.860176 4895.291352 21170.39104 37734.34289 88170.85440 102239.1232 3080744881.
