    unsorted:	 719.3880379 17178.90943 4695.947919 118629.2134 6696803019.
      sorted:	 719.3880379 4695.947919 17178.90943 118629.2134 6696803019.
