    unsorted:	 264.9331725 296.9763285 311.0109599 192.3474359 163.4652765 136.6628983 102.5317130 426.8020985 452.8274726 0.08241487931 606.7004899 651.4754537 689.7900144 726.2063178 918.1492741 1096.656046 1194.372874 1304.756456 1324.684228 1365.913196 1448.502886 1829.347744 2050.379279 2105.864257 2351.919405 2843.201540 3113.902205 3264.553280 3402.922947 3614.913242 3636.126445 3812.366792 4112.429399 4391.348579 4902.212517 5125.496406 5433.447060 5575.951652 6449.507167 6904.472150 7288.213745 7604.420415 8521.462345 9128.191219 10392.67165 10845.25054 11676.67040 27133.55204 32356.86269 63182.60066 118131.8507 627208492.9
      sorted:	 0.08241487931 102.5317130 136.6628983 163.4652765 192.3474359 264.9331725 296.9763285 311.0109599 426.8020985 452.8274726 606.7004899 651.4754537 689.7900144 726.2063178 918.1492741 1096.656046 1194.372874 1304.756456 1324.684228 1365.913196 1448.502886 1829.347744 2050.379279 2105.864257 2351.919405 2843.201540 3113.902205 3264.553280 3402.922947 3614.913242 3636.126445 3812.366792 4112.429399 4391.348579 4902.212517 5125.496406 5433.447060 5575.951652 6449.507167 6904.472150 7288.213745 7604.420415 8521.462345 9128.191219 10392.67165 10845.25054 11676.67040 27133.55204 32356.86269 63182.60066 118131.8507 627208492.9
