    unsorted:	 111.4448420 103.0022614 92.57377004 132.0532782 212.2605100 203.6977790 238.0400389 315.8736258 353.7982263 517.1099405 535.1186546 634.1450751 676.0230490 798.9782959 858.5633472 983.2970795 999.2442047 1175.202133 1206.193414 1384.685954 1449.247328 1751.899520 2013.553076 2122.586305 2561.235882 2929.892460 3092.452346 3671.159231 3781.293421 3987.121379 4046.950595 5076.942615 5208.995322 5377.583611 5829.960366 6208.501699 6341.343828 8205.898010 8429.778630 9547.676068 9176.510400 10373.94964 12793.51648 14844.38915 16507.57470 23062.34471 27502.24644 172090.8149 1.311303346e+10
      sorted:	 92.57377004 103.0022614 111.4448420 132.0532782 203.6977790 212.2605100 238.0400389 315.8736258 353.7982263 517.1099405 535.1186546 634.1450751 676.0230490 798.9782959 858.5633472 983.2970795 999.2442047 1175.202133 1206.193414 1384.685954 1449.247328 1751.899520 2013.553076 2122.586305 2561.235882 2929.892460 3092.452346 3671.159231 3781.293421 3987.121379 4046.950595 5076.942615 5208.995322 5377.583611 5829.960366 6208.501699 6341.343828 8205.898010 8429.778630 9176.510400 9547.676068 10373.94964 12793.51648 14844.38915 16507.57470 23062.34471 27502.24644 172090.8149 1.311303346e+10
