    unsorted:	 0.07315614531 664.4182602 2673.054046 4043.694596 16744.98128 35281.99839 111455.4180 3890687985.
      sorted:	 0.07315614531 664.4182602 2673.054046 4043.694596 16744.98128 35281.99839 111455.4180 3890687985.
