    unsorted:	 442.1968176 1093.887297 2959.130534 16639.41177 102687.4188 132569.0955 4111235052.
      sorted:	 442.1968176 1093.887297 2959.130534 16639.41177 102687.4188 132569.0955 4111235052.
